0 42 ff ff ff ff ff ff 54 45 53 54 5f 30 08 06 00 01 08 00 06 04 00 01 54 45 53 54 5f 30 0a 00 00 02 ff ff ff ff ff ff 11 11 11 11
0 42 ff ff ff ff ff ff 54 45 53 54 5f 30 08 06 00 01 08 00 06 04 00 02 54 45 53 54 5f 30 0a 00 00 02 ff ff ff ff ff ff 11 11 11 11
3 42 ff ff ff ff ff ff 54 45 53 54 5f 33 08 06 00 01 08 00 06 04 00 01 54 45 53 54 5f 33 0a 00 03 02 ff ff ff ff ff ff 0a 00 03 01
4 54 ff ff ff ff ff ff 54 45 53 54 5f 30 08 00 45 00 00 28 00 01 00 00 40 11 90 b9 0a 00 00 02 e0 00 00 09 00 07 00 07 00 14 51 1d 68 65 6c 6c 6f 2c 20 30 30 30 30 31
0 54 ff ff ff ff ff ff 54 45 53 54 5f 30 08 00 45 00 00 28 00 01 00 00 40 11 4e a1 0a 00 00 02 11 11 11 11 00 07 00 07 00 14 0f 04 68 65 6c 6c 6f 2c 20 30 30 30 30 32
1 54 ff ff ff ff ff ff 54 45 53 54 5f 32 08 00 45 00 00 28 00 01 00 00 40 11 65 5f 0a 00 01 02 0a 00 00 64 00 07 00 07 00 14 25 c1 68 65 6c 6c 6f 2c 20 30 30 30 30 33
1 54 ff ff ff ff ff ff 54 45 53 54 5f 32 08 00 45 00 00 28 00 01 00 00 40 11 71 c5 0a 00 01 02 fe fe fe fe 00 07 00 07 00 14 32 26 68 65 6c 6c 6f 2c 20 30 30 30 30 34
0 54 ff ff ff ff ff ff 54 45 53 54 5f 30 08 00 45 00 00 28 00 01 00 00 02 11 ce b9 0a 00 00 02 e0 00 00 09 00 07 00 07 00 14 51 19 68 65 6c 6c 6f 2c 20 30 30 30 30 35
0 54 ff ff ff ff ff ff 54 45 53 54 5f 30 08 00 45 00 00 28 00 01 00 00 01 11 cf b9 0a 00 00 02 e0 00 00 09 00 07 00 07 00 14 51 18 68 65 6c 6c 6f 2c 20 30 30 30 30 36
0 54 ff ff ff ff ff ff 54 45 53 54 5f 30 08 00 45 00 00 28 00 01 00 00 00 11 d0 b9 0a 00 00 02 e0 00 00 09 00 07 00 07 00 14 51 17 68 65 6c 6c 6f 2c 20 30 30 30 30 37
0 54 ff ff ff ff ff ff 54 45 53 54 5f 30 08 00 45 00 00 28 00 01 00 00 40 11 12 34 0a 00 00 02 e0 00 00 09 00 07 00 07 00 14 51 16 68 65 6c 6c 6f 2c 20 30 30 30 30 38
0 54 ff ff ff ff ff ff 54 45 53 54 5f 30 08 00 45 00 00 28 b0 1a 00 00 40 11 e0 9f 0a 00 00 02 e0 00 00 09 00 07 00 07 00 14 51 15 68 65 6c 6c 6f 2c 20 30 30 30 30 39
0 54 ff ff ff ff ff ff 54 45 53 54 5f 30 08 00 45 00 00 28 af 1a 00 00 40 11 e1 9f 0a 00 00 02 e0 00 00 09 00 07 00 07 00 14 50 1e 68 65 6c 6c 6f 2c 20 30 30 30 31 30
0 54 ff ff ff ff ff ff 54 45 53 54 5f 30 08 00 45 00 00 28 af 1a 00 00 40 11 ff ff 0a 00 00 02 e0 00 00 09 00 07 00 07 00 14 50 1d 68 65 6c 6c 6f 2c 20 30 30 30 31 31
0 54 ff ff ff ff ff ff 54 45 53 54 5f 30 08 00 45 00 00 28 00 01 00 00 01 11 12 34 0a 00 00 02 fe fe fe fe 00 07 00 07 00 14 32 28 68 65 6c 6c 6f 2c 20 30 30 30 31 32
0 54 ff ff ff ff ff ff 54 45 53 54 5f 30 08 00 45 00 00 28 00 01 00 00 01 11 b1 c5 0a 00 00 02 fe fe fe fe 00 07 00 07 00 14 32 27 68 65 6c 6c 6f 2c 20 30 30 30 31 33
0 64 42 65 4c 72 59 45 65 45 43 72 48 49 73 62 78 66 6d 37 33 34 2b 6a 4c 70 66 4a 73 68 51 54 6d 48 73 7a 2b 4e 4a 72 59 52 38 50 43 4b 6f 64 63 57 39 4f 55 38 70 2b 6a 50 6f 74 44 30 30 30 31 34
0 78 ff ff ff ff ff ff 54 45 53 54 5f 30 08 00 42 65 4c 72 59 45 65 45 43 72 48 49 73 62 78 66 6d 37 33 34 2b 6a 4c 70 66 4a 73 68 51 54 6d 48 73 7a 2b 4e 4a 72 59 52 38 50 43 4b 6f 64 63 57 39 4f 55 38 70 2b 6a 50 6f 74 44 30 30 30 31 35
0 78 ff ff ff ff ff ff 54 45 53 54 5f 30 08 06 42 65 4c 72 59 45 65 45 43 72 48 49 73 62 78 66 6d 37 33 34 2b 6a 4c 70 66 4a 73 68 51 54 6d 48 73 7a 2b 4e 4a 72 59 52 38 50 43 4b 6f 64 63 57 39 4f 55 38 70 2b 6a 50 6f 74 44 30 30 30 31 36
1 246 01 00 5e 00 00 09 54 45 53 54 5f 32 08 00 45 00 00 e8 00 01 00 00 01 11 cd f9 0a 00 01 02 e0 00 00 09 02 08 02 08 00 d4 a1 a3 01 02 00 00 00 02 00 00 c0 a8 01 00 ff ff ff 00 00 00 00 00 00 00 00 01 00 02 00 00 c0 a8 01 00 ff ff ff 00 00 00 00 00 00 00 00 01 00 02 00 00 c0 a8 01 00 ff ff ff 00 00 00 00 00 00 00 00 01 00 02 00 00 c0 a8 01 00 ff ff ff 00 00 00 00 00 00 00 00 01 00 02 00 00 c0 a8 01 00 ff ff ff 00 00 00 00 00 00 00 00 01 00 02 00 00 c0 a8 01 00 ff ff ff 00 00 00 00 00 00 00 00 01 00 02 00 00 c0 a8 01 00 ff ff ff 00 00 00 00 00 00 00 00 01 00 02 00 00 c0 a8 01 00 ff ff ff 00 00 00 00 00 00 00 00 01 00 02 00 00 c0 a8 01 00 ff ff ff 00 00 00 00 00 00 00 00 01 00 02 00 00 a6 6f 00 00 ff ff 00 00 00 00 00 00 00 00 00 01
